63
63
65
64
65
66
66
64
61
58
56
53
51
50
51
51
51
52
52
52
51
50
51
50
50
51
51
52
52
54
54
54
55
55
56
56
56
57
58
57
58
59
60
60
60
61
61
61
62
62
62
59
56
54
52
50
49
48
49
48
67
67
65
66
66
66
66
66
66
63
60
57
56
55
54
55
56
58
59
58
60
59
58
59
58
58
57
58
60
60
61
61
62
62
60
62
62
62
62
63
65
66
64
63
60
56
53
51
50
49
48
50
52
52
51
50
50
49
48
49
50
49
50
50
51
52
53
54
55
55
55
55
57
56
55
57
58
58
55
51
48
44
41
40
40
40
40
42
43
43
43
43
42
42
42
44
45
46
47
48
51
51
52
52
54
53
52
54
54
53
54
54
56
56
56
56
52
47
43
41
39
38
39
41
44
45
45
46
47
47
47
49
50
51
51
53
56
56
57
60
61
62
62
64
65
65
66
66
68
67
66
66
63
59
56
55
55
53
53
55
57
57
57
58
57
56
56
54
55
54
53
55
55
55
56
57
59
58
59
61
62
61
61
64
64
64
65
66
67
66
64
62
58
54
51
50
50
49
49
50
51
51
51
51
51
49
49
49
50
51
52
54
55
56
57
58
59
59
60
60
61
61
61
62
63
63
63
64
66
66
65
62
59
56
53
53
53
52
52
55
55
54
54
54
54
53
53
54
54
55
55
57
58
59
61
62
64
65
65
68
67
68
68
69
57
54
51
49
47
46
47
47
47
48
48
47
46
46
46
44
44
45
47
49
50
53
56
56
58
58
58
58
57
58
59
58
59
60
62
62
62
64
64
63
61
58
57
54
53
53
54
57
57
59
60
58
59
58
58
57
56
58
58
57
58
59
60
60
59
60
60
59
59
58
59
58
58
59
60
61
60
63
63
62
59
54
50
47
45
44
44
44
46
46
47
47
47
47
46
45
45
45
47
47
48
49
50
50
51
51
51
50
50
50
50
50
49
50
50
50
50
50
53
51
49
47
44
41
39
38
39
38
39
40
42
41
41
42
42
41
41
42
43
42
44
45
46
47
47
49
48
46
44
42
42
41
40
41
43
43
44
45
45
44
44
44
43
43
44
45
46
46
47
47
48
49
49
50
50
48
50
50
50
51
51
52
53
53
54
54
53
49
46
43
38
37
37
36
37
36
38
40
39
40
39
40
40
39
40
41
41
42
42
44
45
46
47
46
47
46
46
47
48
49
50
48
46
44
41
41
40
39
39
40
40
40
40
40
39
39
39
39
40
40
40
42
42
43
44
44
45
44
44
46
45
45
44
46
46
46
44
42
38
36
34
33
32
31
32
33
32
32
33
32
31
30
31
32
32
32
32
34
34
34
36
37
38
38
39
41
41
42
43
44
44
45
46
46
44
41
38
38
36
35
37
38
38
36
35
34
31
31
30
31
31
32
33
35
35
35
36
38
38
39
41
41
42
43
44
46
47
48
50
52
55
55
56
53
50
46
44
44
42
43
44
46
47
47
48
49
48
48
49
50
52
53
57
60
64
68
72
75
75
75
75
74
72
72
72
72
72
72
73
73
72
69
68
67
66
68
69
70
71
71
72
71
69
67
66
65
64
64
65
67
67
69
71
73
73
73
75
75
73
73
73
73
73
74
74
71
68
65
63
62
60
60
62
62
63
63
63
63
61
61
61
61
61
61
62
64
63
64
65
66
66
66
68
68
67
68
68
68
68
69
71
68
65
62
59
58
56
55
56
56
57
58
58
59
58
57
58
58
57
57
58
59
59
59
61
62
63
63
64
64
62
62
63
61
62
63
65
65
62
61
58
56
54
53
55
55
56
58
59
60
59
59
60
59
59
59
62
62
63
65
66
67
67
69
70
69
69
69
71
70
70
71
72
71
67
65
64
61
60
60
61
61
62
63
64
63
62
62
62
61
61
62
64
64
63
65
67
68
67
68
69
69
68
69
70
69
69
70
72
70
68
65
64
61
59
58
59
59
59
60
61
60
59
58
59
58
57
58
60
59
60
60
62
62
61
63
63
63
64
64
65
64
64
66
68
67
67
66
64
61
59
59
59
59
60
61
62
62
62
63
63
62
62
62
63
62
62
64
64
64
64
65
67
66
66
66
67
67
66
68
68
67
68
67
65
61
57
57
56
55
56
56
57
57
56
56
57
56
56
55
56
55
55
57
57
58
59
60
61
61
60
62
61
61
61
61
61
60
60
61
62
60
57
55
52
49
48
48
49
49
49
51
51
50
51
50
51
50
49
51
51
52
52
54
56
55
57
58
58
58
58
59
60
59
60
61
62
62
60
59
56
53
52
50
51
50
50
53
53
52
52
52
52
50
50
51
51
51
51
52
54
53
54
55
55
54
55
56
56
55
56
56
57
56
57
58
57
53
51
49
47
46
45
47
47
47
49
50
50
49
49
49
48
47
48
50
49
49
50
52
52
53
53
54
54
54
55
55
55
54
55
56
57
56
56
55
52
48
48
47
46
46
47
48
48
49
48
49
48
47
47
47
47
46
47
49
49
50
51
53
53
52
54
54
54
54
54
55
55
55
56
56
54
51
48
47
45
44
45
45
46
46
47
48
47
46
46
46
45
45
45
47
48
48
50
51
51
51
52
53
52
53
54
55
55
54
54
55
55
54
52
49
46
44
43
43
43
43
44
45
45
44
44
44
43
42
42
43
42
43
43
45
46
45
47
48
48
48
50
49
50
49
50
51
51
52
53
54
54
55
57
58
58
58
60
60
60
61
62
63
62
62
64
65
64
64
65
66
63
60
57
54
52
49
48
49
48
49
50
51
51
50
50
50
49
49
50
50
51
51
52
54
54
55
56
56
56
56
57
58
57
58
58
59
59
60
62
61
58
55
51
50
47
46
47
48
48
48
49
50
48
47
47
46
46
46
47
47
47
47
48
49
49
49
49
49
48
48
49
51
50
50
51
52
53
52
51
48
44
42
41
40
40
40
41
42
43
43
44
43
43
42
44
44
45
46
47
48
49
51
52
53
52
53
54
54
54
53
54
55
53
53
51
47
45
43
43
42
41
43
43
44
43
43
45
42
42
41
42
41
40
42
43
43
43
44
46
45
45
46
47
46
46
46
47
48
48
48
46
43
39
36
35
32
31
29
28
27
28
29
31
32
33
33
34
35
38
42
45
46
48
49
49
47
45
45
45
46
49
50
53
54
56
58
58
58
58
61
63
64
64
64
65
65
66
67
69
69
70
72
72
70
69
69
68
67
66
66
64
59
53
44
32
14
2
3
4
3
2
3
3
3
3
4
3
3
3
3
4
3
3
3
3
2
3
8
12
16
21
22
24
25
24
27
30
31
33
32
31
30
26
25
19
14
11
8
6
5
6
11
14
18
20
23
26
27
29
31
34
36
37
39
41
43
47
48
49
51
51
53
53
54
55
52
48
40
35
34
31
30
32
35
36
35
35
34
30
27
24
26
29
33
38
39
39
39
41
46
47
52
54
57
59
60
65
68
70
73
75
78
79
77
76
73
72
75
78
85
87
90
93
89
87
83
78
75
69
67
66
62
60
55
52
48
40
37
34
34
34
35
38
40
42
47
50
53
58
59
64
66
66
70
71
75
76
78
81
81
82
84
83
82
78
76
75
73
75
79
81
83
81
81
81
81
83
85
86
88
87
88
90
91
91
90
90
90
90
90
88
84
80
75
74
71
69
68
69
69
69
68
69
68
68
68
68
68
69
69
70
71
70
71
74
75
75
77
80
81
80
83
85
86
88
89
93
93
93
96
96
97
96
94
95
92
89
85
78
74
69
66
64
61
60
61
64
63
64
64
66
67
67
70
71
72
74
75
77
77
77
78
79
78
77
78
79
80
80
81
83
82
83
83
84
84
83
81
78
72
69
66
67
66
65
66
68
68
69
69
69
68
67
68
69
69
70
70
72
73
74
76
77
78
80
83
84
85
85
86
87
87
86
88
88
87
85
81
78
72
68
66
65
62
61
60
60
58
58
57
57
54
53
54
54
54
55
56
58
57
57
56
53
51
50
49
51
51
54
59
61
63
63
64
64
61
63
62
63
63
63
64
65
65
66
67
68
68
68
69
70
69
70
71
73
73
71
73
71
71
70
67
63
58
55
54
53
52
52
55
57
56
57
58
57
56
55
54
53
51
50
50
50
50
50
53
54
56
58
59
59
60
61
62
61
60
62
62
61
57
52
47
41
34
31
30
30
29
30
32
33
33
34
35
34
34
35
37
38
39
42
45
47
49
51
54
55
55
57
57
58
58
59
61
60
58
55
52
48
44
44
45
46
46
48
51
51
52
52
53
51
50
51
52
53
51
54
57
57
58
59
61
61
61
63
63
63
64
65
64
61
57
55
53
52
52
52
53
54
55
56
57
56
56
55
55
55
54
55
57
56
57
58
59
59
59
60
61
61
61
63
62
62
63
62
60
55
51
50
49
47
47
48
49
49
49
50
50
48
48
47
48
47
48
50
51
52
53
54
55
54
53
54
55
56
56
57
57
58
58
57
57
55
53
50
45
40
37
35
36
34
34
36
35
34
32
33
33
32
35
36
38
40
41
45
45
47
49
50
53
52
54
55
56
57
58
58
59
59
60
61
59
55
52
48
46
45
43
43
41
38
38
37
38
37
37
37
35
35
34
36
37
39
41
45
48
51
52
55
55
56
57
58
59
59
60
60
59
58
58
58
58
55
51
48
44
42
40
42
43
42
45
45
45
44
43
46
44
43
47
47
49
49
50
55
55
58
59
61
63
62
63
64
62
63
62
63
63
60
60
60
60
58
54
51
46
42
41
40
40
40
41
43
42
43
43
42
42
40
40
42
41
43
44
46
47
46
45
42
38
36
34
35
35
37
39
41
41
41
40
40
40
40
41
42
43
44
47
49
49
50
51
52
53
55
57
59
59
61
64
66
66
65
67
67
67
68
68
68
64
59
56
51
48
47
45
47
46
48
50
51
51
50
51
52
51
52
52
53
54
55
56
58
59
59
61
62
62
63
64
66
66
67
68
68
68
68
71
73
71
68
64
60
59
56
58
59
59
61
62
62
62
61
61
60
59
59
59
61
62
62
65
65
67
67
68
68
67
68
69
68
68
68
69
69
68
68
69
70
69
68
64
59
54
52
49
48
47
46
47
46
45
45
44
43
41
41
41
41
41
42
44
45
45
44
43
41
39
39
39
39
41
43
45
45
45
45
45
43
43
44
45
45
46
48
50
50
51
52
54
54
54
56
60
59
61
62
63
63
62
65
65
65
67
66
69
68
69
70
64
60
55
53
54
50
52
52
53
54
52
53
51
49
50
49
50
51
51
53
54
54
56
57
58
58
60
62
63
64
65
67
68
69
68
70
70
70
71
72
73
73
73
71
66
62
58
57
56
54
55
56
57
56
56
57
55
54
54
53
53
53
53
56
57
57
59
61
62
62
62
64
64
65
65
66
67
66
67
67
68
69
68
71
72
72
71
67
63
58
54
53
51
51
51
52
52
52
51
52
50
49
48
48
47
46
48
49
50
51
54
55
56
57
58
60
60
60
62
63
63
62
63
65
65
66
66
67
62
57
55
55
53
53
54
56
57
57
57
57
56
55
54
56
55
55
56
59
59
60
62
63
63
63
64
65
66
66
68
70
69
69
70
71
71
70
69
66
60
55
52
52
51
50
49
48
48
46
46
46
43
43
42
42
42
42
45
46
47
49
50
53
53
53
55
55
55
55
56
57
58
59
61
61
61
61
61
58
52
48
43
41
40
39
41
41
41
44
44
47
46
46
47
48
48
50
51
53
53
54
56
56
57
58
60
60
61
62
64
65
64
64
65
66
67
64
63
59
54
51
49
49
47
47
48
49
49
48
49
48
46
45
45
46
45
46
49
50
52
53
56
57
57
57
59
59
60
60
63
63
63
64
63
64
63
63
62
58
53
49
47
45
43
44
45
45
45
46
47
47
46
46
45
46
47
50
54
58
60
64
67
68
68
68
69
68
68
67
68
67
65
66
67
67
67
69
70
69
66
61
55
49
43
41
42
40
41
40
41
41
38
36
35
33
32
33
34
34
33
35
36
38
40
41
45
45
45
48
49
52
53
54
58
58
59
60
61
62
63
64
62
56
50
45
42
41
40
41
41
41
41
42
42
40
38
36
34
32
31
32
32
31
33
34
38
40
42
45
46
47
48
50
51
51
50
48
45
38
35
34
34
34
33
34
35
34
33
30
26
24
23
25
25
25
28
29
32
32
33
35
36
38
40
44
48
52
56
60
65
67
69
70
68
66
64
65
66
66
69
72
76
79
82
85
85
84
83
84
90
100
112
116
110
102
97
99
103
108
112
113
114
115
129
154
190
227
255
255
255
255
255
255
255
255
255
255
255
255
255
255
255
255
255
255
255
255
255
255
251
235
217
201
187
175
167
160
154
150
146
143
136
129
122
114
107
101
97
95
91
89
88
86
85
82
80
79
75
74
69
63
55
47
43
40
36
36
34
38
39
38
39
36
36
34
33
35
33
36
38
38
40
40
44
44
44
45
45
47
47
47
47
43
38
33
29
29
26
27
29
33
35
36
37
37
36
35
35
37
37
40
43
46
48
51
55
56
57
59
60
62
62
62
63
65
65
62
60
54
50
48
46
48
48
52
56
58
60
59
59
58
56
57
56
59
60
62
65
68
71
75
79
81
85
88
92
95
98
100
103
106
103
101
98
95
93
94
95
98
102
106
109
110
109
107
105
103
101
100
101
101
102
104
106
107
108
110
112
112
113
114
115
114
115
117
118
115
110
105
102
98
96
97
99
102
106
109
111
110
108
107
105
104
104
105
106
107
107
110
112
113
113
115
116
116
116
117
117
116
116
116
113
108
102
97
94
90
90
93
95
97
98
99
96
91
85
79
75
70
67
67
67
67
66
67
68
67
67
68
68
66
66
67
67
66
64
60
57
53
50
50
51
52
56
58
60
59
58
57
55
53
52
52
53
52
53
55
56
56
56
58
57
55
53
52
50
48
46
46
42
38
35
34
34
33
35
37
39
40
41
42
41
39
39
39
39
40
41
44
46
47
49
51
50
50
52
54
53
48
45
48
51
53
58
72
84
82
78
73
69
66
61
55
47
43
41
41
40
40
42
41
39
36
38
45
46
48
49
47
49
50
51
53
45
42
40
38
41
40
44
47
47
49
44
40
37
32
35
34
32
34
35
38
34
30
33
34
37
38
42
51
56
58
57
48
42
38
36
36
35
38
39
37
33
30
33
35
36
38
42
45
47
48
52
54
53
54
54
55
54
52
55
54
54
54
54
55
51
47
44
40
40
43
53
64
70
78
84
90
92
88
87
83
77
75
73
73
72
71
74
71
69
67
66
67
64
66
68
68
69
70
71
73
70
71
73
72
72
69
70
69
68
70
71
72
73
74
78
79
78
80
83
85
85
87
88
85
83
81
80
79
77
75
75
69
61
55
53
52
52
52
54
56
58
60
64
66
70
72
76
77
75
75
76
75
73
71
71
68
66
66
66
66
67
66
67
65
63
63
61
58
52
46
38
29
22
18
17
14
12
11
11
14
15
16
18
16
16
18
21
25
28
31
34
34
34
35
34
33
32
33
35
34
35
36
38
40
42
46
51
52
55
57
61
62
64
66
66
66
63
59
53
46
41
38
38
37
36
37
37
36
35
36
35
33
32
32
33
34
36
38
40
41
41
43
44
42
44
43
43
42
41
43
42
44
43
45
47
43
41
38
37
36
35
39
40
40
42
43
44
44
44
44
43
43
44
46
49
49
50
53
52
52
51
51
50
48
45
45
50
53
57
59
57
56
50
47
48
46
49
47
43
37
30
29
28
27
29
29
29
29
29
32
31
32
34
36
39
40
40
43
42
42
43
43
44
43
42
44
42
42
41
42
42
41
41
42
42
42
42
42
42
41
42
44
44
44
44
45
44
41
38
36
34
33
32
34
33
33
35
36
38
39
42
44
43
42
42
44
47
48
49
51
50
51
52
54
54
54
57
56
55
57
58
60
60
61
62
64
65
62
59
55
52
51
51
51
50
50
51
52
52
51
50
49
47
46
45
45
44
42
43
43
41
39
37
38
37
37
40
41
43
44
44
43
42
42
42
42
41
43
44
45
46
46
47
47
46
47
48
49
48
50
51
52
54
56
59
61
61
63
65
67
66
65
68
72
75
75
75
78
80
87
95
99
106
106
108
106
101
100
93
87
76
67
70
76
93
108
122
135
132
137
141
144
158
165
173
168
157
147
133
125
118
111
106
96
89
85
78
70
62
55
51
46
42
43
40
39
42
40
46
46
48
54
54
61
65
70
77
77
82
85
86
90
88
91
92
88
85
78
76
74
72
73
72
72
74
75
78
79
80
82
82
84
87
90
93
93
94
95
95
95
97
99
101
101
102
104
105
105
102
99
93
88
86
85
85
84
84
86
86
85
84
84
84
83
82
84
83
81
83
84
86
85
85
87
87
87
88
88
88
88
88
89
88
87
84
79
73
66
62
61
60
59
60
62
64
64
65
65
65
65
63
63
62
61
63
63
65
64
65
67
67
68
68
70
70
69
71
71
70
70
70
70
65
60
56
53
51
49
50
51
52
54
56
57
58
57
57
58
58
58
59
62
64
66
68
72
73
74
76
77
78
78
78
80
79
78
78
79
76
70
66
61
58
56
55
58
57
59
62
63
64
63
63
64
61
60
59
62
61
61
63
63
61
60
59
59
57
57
59
63
64
64
66
66
66
65
65
66
65
66
68
68
69
69
71
73
72
72
73
74
74
74
74
76
76
75
72
67
60
54
52
51
50
51
53
56
58
59
61
61
61
59
58
58
56
57
59
60
61
61
64
66
66
67
69
70
70
70
71
71
70
67
64
59
54
52
51
51
51
53
55
57
58
58
59
59
57
57
57
56
55
56
56
56
54
54
56
55
55
56
57
59
59
60
60
59
55
50
47
45
42
42
43
44
46
48
50
51
51
52
52
52
51
50
52
54
54
54
55
57
57
55
53
50
47
47
47
47
48
50
54
55
55
56
57
57
54
54
54
53
54
56
57
57
56
59
60
61
61
61
63
63
62
64
64
64
64
64
64
60
54
50
46
43
40
40
41
43
45
47
48
49
49
50
50
49
48
50
52
52
53
55
58
61
62
64
65
65
65
66
67
66
66
66
65
62
56
53
51
49
48
49
50
51
54
55
57
57
57
58
57
56
55
55
57
56
57
59
61
62
61
63
63
63
63
63
64
63
63
64
60
56
52
49
48
45
45
46
48
50
51
52
53
53
53
52
52
51
50
52
53
53
54
55
56
57
57
58
59
59
59
59
60
60
59
57
54
49
46
45
45
44
46
48
50
50
51
51
51
50
49
49
48
47
49
50
51
52
52
55
56
55
56
56
57
58
57
58
58
58
58
56
53
48
45
45
43
43
43
45
46
46
47
47
45
45
45
44
43
42
43
45
46
46
48
50
51
51
51
53
52
52
52
52
51
50
51
52
51
48
44
41
37
34
33
32
32
32
33
36
36
36
37
37
37
35
35
35
35
37
37
40
41
42
44
45
45
46
47
49
49
50
51
51
52
52
53
53
50
46
43
39
36
34
34
34
36
38
39
40
40
40
40
40
39
38
38
41
41
42
43
44
43
42
42
42
42
42
45
47
47
49
49
49
50
49
50
49
50
51
51
52
53
54
56
56
56
57
57
58
57
58
58
59
59
59
60
60
61
62
62
61
56
52
48
45
44
43
44
46
46
47
48
48
48
47
49
48
47
48
48
49
50
50
52
52
53
53
53
54
53
53
54
53
53
53
54
55
55
56
58
59
61
62
61
57
52
47
44
41
39
39
39
41
40
40
41
40
41
40
40
40
40
41
42
42
43
44
47
48
49
51
52
53
53
54
56
56
55
56
58
58
59
60
60
61
62
62
59
54
48
45
44
42
41
43
46
46
46
48
48
47
47
47
47
47
46
48
49
49
49
51
53
54
54
55
56
55
55
55
56
55
55
56
56
57
58
58
59
60
61
62
62
60
56
53
49
45
45
44
46
46
47
49
50
50
49
48
49
47
47
47
47
48
49
51
52
53
55
58
60
60
60
60
60
59
58
57
58
58
59
61
59
60
59
60
61
59
60
59
56
51
47
45
43
42
42
43
44
43
43
45
43
44
43
42
43
41
42
44
44
45
45
46
48
46
48
49
48
49
49
50
50
49
50
51
53
52
53
54
54
55
55
53
50
44
42
40
39
38
38
40
41
42
43
43
43
41
39
39
39
39
41
43
45
43
44
47
46
46
47
48
49
49
50
51
50
50
50
52
52
52
54
54
50
46
42
40
36
35
36
37
37
38
39
41
40
40
40
40
39
39
39
41
41
42
43
45
46
46
47
48
47
47
48
49
47
46
46
47
47
48
49
51
51
49
46
43
39
38
37
39
39
39
42
43
45
44
44
42
41
44
45
48
46
44
43
36
31
24
15
14
9
6
9
7
7
5
4
7
5
6
8
8
9
6
3
3
3
4
10
15
20
24
27
27
24
26
28
26
23
19
17
18
18
24
26
28
28
27
31
36
42
49
51
52
49
47
49
50
52
55
57
59
59
56
54
50
46
45
45
47
45
44
45
45
45
45
45
47
44
42
41
38
38
38
40
41
40
42
44
45
47
46
47
46
45
44
43
42
41
42
43
43
42
39
38
36
32
31
30
29
28
27
30
33
36
45
54
66
73
77
81
84
85
86
84
82
82
84
86
84
82
81
79
79
78
78
79
79
79
81
85
89
90
90
88
84
83
82
85
86
86
86
85
85
84
81
80
78
78
79
79
78
75
74
75
75
74
74
73
71
69
65
61
59
60
66
67
65
63
64
70
70
69
68
66
65
63
61
64
64
65
64
64
62
58
55
51
47
46
48
51
54
52
50
48
44
44
43
46
50
50
54
54
