0
6
1
0
4
2
1
5
2
0
5
2
1
6
2
1
6
2
0
6
2
0
5
1
0
6
2
0
5
1
0
5
2
0
5
2
0
5
2
0
5
2
0
5
2
0
5
2
1
6
3
1
4
1
0
5
2
0
5
2
0
5
2
0
6
2
0
5
2
1
5
2
0
5
2
0
5
2
0
5
1
0
5
1
0
6
2
0
5
2
0
5
2
0
6
2
0
5
2
0
5
2
0
5
2
0
5
2
0
5
2
0
5
2
1
6
2
0
6
2
0
5
2
0
5
2
0
5
2
0
5
2
0
5
2
0
5
2
0
5
2
0
5
2
0
6
2
0
5
2
1
6
2
0
5
2
0
4
1
0
5
1
0
5
1
0
5
2
0
5
1
0
5
1
0
4
1
0
4
1
0
4
1
0
5
1
0
5
2
0
5
1
0
4
1
0
4
1
0
5
1
0
4
1
0
4
1
0
3
1
0
5
1
0
5
1
0
4
1
0
4
1
0
4
0
0
4
2
0
4
1
0
4
1
0
4
1
0
4
1
0
4
1
0
4
1
0
3
0
0
4
1
0
4
1
0
3
0
0
3
0
0
3
0
0
3
1
0
4
1
0
3
0
0
4
0
0
3
0
0
3
0
0
3
0
0
3
0
0
4
1
0
4
1
0
4
0
0
4
0
0
3
0
0
3
0
0
3
0
0
2
0
0
3
0
0
2
0
0
2
0
0
2
0
0
1
0
0
1
0
0
1
0
0
1
0
0
0
0
0
1
0
0
1
0
0
1
0
0
2
0
0
1
0
0
0
0
0
1
0
0
1
0
0
0
0
0
0
0
0
0
0
0
0
0
0
0
0
0
0
0
0
0
0
0
0
0
0
0
0
0
0
0
0
0
0
0
0
0
0
0
0
0
0
0
0
0
0
0
0
0
0
0
0
0
0
0
0
0
0
0
0
0
0
0
0
0
0
0
0
0
0
0
0
0
0
0
0
0
0
0
0
0
0
0
0
0
0
0
0
0
0
0
0
0
0
0
0
0
0
0
0
0
0
0
0
0
0
0
0
0
0
0
0
0
0
0
0
0
0
0
0
0
0
0
0
0
0
0
0
0
0
0
0
0
0
0
0
0
0
0
0
0
0
0
0
0
0
0
0
0
0
0
0
0
0
0
0
0
0
0
0
0
0
0
0
0
0
0
0
0
0
0
0
0
0
0
0
0
0
0
0
0
0
0
0
0
0
0
0
0
0
0
0
0
0
0
0
0
0
0
0
0
0
0
0
0
0
0
0
0
0
0
0
0
0
0
0
0
0
0
0
0
0
0
0
0
0
0
0
0
0
0
0
0
0
0
0
0
0
0
0
0
0
0
0
0
0
0
0
0
0
0
0
0
0
0
0
0
0
0
0
0
0
0
0
0
0
0
0
0
0
0
0
0
0
0
0
0
0
0
0
0
0
0
0
0
0
0
0
0
0
0
0
0
0
0
0
0
0
0
0
0
0
0
0
0
0
0
0
0
0
0
0
0
0
0
0
0
0
0
0
0
0
0
0
0
0
0
0
0
0
0
0
0
0
0
0
0
0
0
0
0
0
0
0
0
0
0
0
0
0
0
0
0
0
0
0
0
0
0
0
0
0
0
0
0
0
0
0
0
0
0
0
0
0
0
0
0
0
0
0
0
0
0
0
0
0
0
0
0
0
0
0
0
0
0
0
0
0
0
0
0
0
0
0
0
0
0
0
0
0
0
0
0
0
0
0
0
0
0
0
0
0
0
0
0
0
0
0
0
0
0
0
0
0
0
0
0
0
0
0
0
0
0
0
0
0
0
0
0
0
0
0
0
0
0
0
0
0
0
0
0
0
0
0
0
0
0
0
0
0
0
0
0
0
0
0
0
0
0
0
0
0
0
0
0
0
0
0
0
0
0
0
0
0
0
0
0
0
0
0
0
0
0
0
0
0
0
0
0
0
0
0
0
0
0
0
0
0
0
0
0
0
0
0
0
0
0
0
0
0
0
0
0
0
0
0
0
0
0
0
0
0
0
0
0
0
0
0
0
0
0
0
0
0
0
0
0
0
0
0
0
0
0
0
0
0
0
0
0
0
0
0
0
0
0
0
0
0
0
0
0
0
0
0
0
0
0
0
0
0
0
0
0
0
0
0
0
0
0
0
0
0
0
0
0
0
0
0
0
0
0
0
0
0
0
0
0
0
0
0
0
0
0
0
0
0
0
0
0
0
0
0
0
0
0
0
0
0
0
0
0
0
0
0
0
0
0
0
0
0
0
0
0
0
0
0
0
0
0
0
0
0
0
0
0
0
0
0
0
0
0
0
0
0
0
0
0
0
0
0
0
0
0
0
0
0
0
0
0
0
0
0
0
0
0
0
0
0
0
0
0
0
0
0
0
0
0
0
0
0
0
0
0
0
0
0
0
0
0
0
0
0
0
0
0
0
0
0
0
0
0
0
0
0
0
0
0
0
0
0
0
0
0
0
0
0
0
0
0
0
0
0
0
0
0
0
0
0
0
0
0
0
0
0
0
0
0
0
0
0
0
0
0
0
0
0
0
0
0
0
0
0
0
0
0
0
0
0
0
0
0
0
0
0
0
0
0
0
0
0
0
0
0
0
0
0
0
0
0
0
0
0
0
0
0
0
0
0
0
0
0
0
0
0
0
0
0
0
0
0
0
0
0
0
0
0
0
0
0
0
0
0
0
0
0
0
0
0
0
0
0
0
0
0
0
0
0
0
0
0
0
0
0
0
0
0
0
0
0
0
0
0
0
0
0
0
0
0
0
0
0
0
0
0
0
0
0
0
0
0
0
0
0
0
0
0
0
0
0
0
0
0
0
0
0
0
0
0
0
0
0
0
0
0
0
0
0
0
0
0
0
0
0
0
0
0
0
0
0
0
0
0
0
0
0
0
0
0
0
0
0
0
0
0
0
0
0
0
0
0
0
0
0
0
0
0
0
0
0
0
0
0
0
0
0
0
0
0
0
0
0
0
0
0
0
0
0
0
0
0
0
0
0
0
0
0
0
0
0
0
0
0
0
0
0
0
0
0
0
0
0
0
0
0
1
0
0
3
0
0
2
0
0
2
1
0
2
0
0
1
0
0
0
0
0
1
0
0
3
0
1
6
6
10
21
30
42
59
76
90
107
1
126
136
140
143
144
139
132
125
115
102
93
118
70
64
55
47
43
35
30
29
23
18
19
82
13
18
16
17
23
22
22
28
27
27
34
16
32
38
37
35
39
36
36
40
39
40
44
33
43
49
47
54
64
69
78
92
102
111
125
42
143
153
160
164
171
178
180
185
187
186
191
135
191
196
195
198
199
201
199
200
200
198
200
192
200
202
205
201
205
204
205
208
207
204
206
201
204
207
207
207
209
211
210
211
211
207
209
207
205
208
205
206
212
209
209
212
211
206
208
208
206
204
203
202
201
204
203
206
207
205
208
208
204
204
202
201
201
202
201
201
203
201
203
207
203
204
203
202
204
202
205
204
204
203
206
204
203
203
201
210
203
203
202
209
209
206
209
204
205
200
201
204
205
205
205
207
203
197
200
207
193
195
195
193
191
191
190
187
183
182
176
198
165
163
157
154
147
141
131
121
113
102
94
172
78
71
67
60
59
54
49
50
45
40
42
87
33
36
29
26
31
24
21
26
20
17
22
36
14
20
15
14
21
15
13
21
15
14
20
17
12
19
12
11
18
12
11
18
12
11
18
14
11
18
12
10
17
11
11
18
11
10
17
12
10
17
11
10
17
12
10
18
11
11
18
12
10
18
11
11
17
12
11
19
13
11
19
12
11
18
12
12
20
14
12
20
14
12
19
13
13
21
16
14
22
16
16
24
18
19
28
14
22
31
26
26
36
31
31
39
35
33
40
23
34
40
34
32
37
31
30
35
28
25
32
35
22
28
22
19
26
19
16
23
17
14
22
24
14
21
14
12
20
13
12
19
14
14
20
15
14
20
15
15
22
16
14
22
16
15
22
15
14
23
16
14
22
16
15
23
17
16
23
16
16
20
16
14
22
16
14
21
15
15
22
18
14
22
15
14
21
15
14
22
16
15
23
16
15
23
17
15
24
17
16
24
18
17
24
16
17
24
18
16
24
17
15
23
16
14
22
17
13
20
14
13
20
14
13
21
14
15
22
15
16
24
18
17
26
21
20
28
21
21
26
16
17
24
17
17
27
22
22
31
25
24
32
19
27
33
27
26
34
28
28
35
31
30
35
27
27
31
26
23
30
24
21
28
20
19
25
28
17
25
18
16
25
18
18
26
19
20
27
18
21
27
22
20
28
22
22
28
21
19
25
21
18
25
20
18
27
21
20
29
23
23
31
19
24
31
26
24
32
25
23
30
24
22
29
25
22
29
23
21
28
23
21
29
23
23
30
24
25
32
24
23
32
25
24
32
26
26
33
26
28
35
31
31
39
35
36
42
40
40
47
28
48
53
52
52
58
57
57
61
59
58
62
47
61
66
66
69
74
75
78
83
87
93
96
61
113
115
125
132
132
141
145
142
150
156
151
103
166
162
171
174
169
176
178
172
178
180
171
161
178
170
176
176
169
173
174
166
170
169
158
178
156
145
142
136
123
119
111
99
90
81
72
160
56
52
45
39
42
32
27
31
23
21
27
64
17
24
16
14
22
15
14
22
14
14
21
18
14
21
15
14
22
16
15
24
17
16
24
14
17
26
20
18
26
21
20
28
23
23
30
18
22
31
25
23
32
26
26
34
29
29
38
24
36
44
42
40
48
45
46
52
51
51
57
35
58
65
68
73
82
92
103
112
125
138
141
57
160
160
169
174
179
181
192
237
223
222
249
155
250
255
255
255
255
255
255
255
255
255
255
251
255
255
250
241
238
230
221
216
209
202
198
255
186
175
172
161
144
134
127
124
117
112
106
192
86
76
68
60
52
42
37
41
33
29
34
95
23
29
22
19
25
19
17
24
18
18
25
26
20
27
21
17
25
20
17
24
18
17
24
20
17
26
20
20
28
24
25
34
29
31
37
18
33
39
39
41
50
52
58
71
79
91
102
34
125
130
143
151
153
162
169
168
177
181
177
115
189
185
193
193
189
197
199
197
203
204
202
185
211
206
215
215
212
217
218
210
214
212
204
210
202
193
195
191
183
181
176
165
164
159
148
205
140
128
123
111
101
91
81
76
67
59
58
145
44
46
39
35
38
32
27
32
25
22
29
50
21
27
20
19
26
19
17
25
17
16
23
22
16
24
18
17
24
19
18
25
20
21
28
18
22
29
24
20
29
23
22
29
23
22
29
23
21
28
23
22
30
25
24
32
26
25
34
23
30
39
37
38
49
52
59
70
77
86
94
29
116
123
135
143
146
155
162
168
173
178
177
106
186
186
193
192
189
193
193
191
194
195
190
184
197
193
198
201
201
207
208
203
205
202
196
196
194
187
188
184
177
176
171
161
160
154
142
197
131
120
112
100
91
83
75
71
64
57
56
139
44
44
38
34
37
31
27
32
25
23
30
49
21
29
23
21
29
22
20
28
22
20
27
24
19
26
20
18
25
18
17
25
19
18
25
21
18
26
20
17
24
18
16
24
17
16
23
20
15
21
18
18
26
21
21
29
23
23
32
17
24
34
28
28
36
33
33
40
37
40
49
25
51
59
62
67
73
76
81
89
96
103
110
49
128
134
144
147
152
159
162
161
168
170
169
120
180
172
184
186
187
194
193
191
194
196
192
177
194
190
191
191
188
190
188
182
180
176
169
194
162
153
150
144
133
130
121
111
108
102
96
167
87
83
78
72
69
63
59
58
50
44
44
91
30
31
28
24
30
24
21
30
24
22
30
36
21
29
23
22
28
22
21
28
22
21
28
24
21
29
25
23
30
25
23
30
24
22
29
23
21
29
23
21
30
24
23
32
25
25
33
23
26
31
30
29
36
32
31
38
35
34
41
27
39
47
44
45
52
50
51
56
57
60
71
39
87
95
104
110
115
128
137
142
154
162
164
78
178
178
186
187
189
195
200
196
203
201
199
172
201
196
201
200
196
199
197
193
192
191
185
204
181
172
171
166
154
153
148
141
141
136
128
185
120
110
104
92
82
71
62
59
50
43
44
127
33
36
29
24
30
23
20
25
18
16
23
37
16
22
18
18
24
18
17
24
18
16
22
19
14
22
14
13
20
14
13
21
16
15
23
17
17
24
19
20
27
22
21
30
24
22
31
18
25
34
28
29
37
35
36
45
45
46
52
27
55
59
61
64
69
73
75
80
83
86
89
53
94
97
100
108
113
124
134
140
152
159
165
92
179
178
186
185
190
194
191
190
192
191
188
174
191
183
190
189
184
183
180
169
169
164
155
194
151
143
143
138
131
130
126
121
119
115
110
155
103
98
93
85
80
72
64
60
53
46
47
108
34
37
31
28
32
24
21
27
20
17
23
40
14
22
16
15
22
17
15
22
18
16
24
17
16
23
18
16
21
16
14
21
16
14
22
17
15
23
16
15
22
17
15
23
18
16
23
17
17
22
19
18
24
19
18
25
20
19
27
19
21
29
24
26
35
33
36
45
46
48
57
21
61
67
70
75
82
87
93
98
105
110
114
57
133
137
149
154
153
161
163
161
165
165
162
123
165
158
160
159
154
153
149
142
141
137
128
165
119
111
106
99
92
88
81
78
72
66
66
125
56
55
50
46
48
42
38
42
35
32
36
60
26
31
22
20
25
17
15
23
16
12
20
30
10
18
11
10
16
10
9
17
10
9
15
13
9
15
10
9
16
10
8
14
9
7
14
10
7
12
9
8
14
8
7
14
8
8
15
9
8
15
8
8
15
9
8
16
9
8
15
10
8
15
9
8
15
9
9
15
10
8
16
8
7
16
10
10
16
10
9
17
10
9
16
9
9
16
10
9
15
9
8
16
9
8
15
10
8
16
9
7
15
9
8
15
10
9
16
10
8
13
9
9
15
9
8
16
10
8
16
10
9
16
9
10
17
10
8
13
9
7
16
9
9
16
9
6
15
11
11
18
10
9
16
10
10
17
11
10
16
10
10
18
11
10
17
10
10
19
13
13
20
15
15
24
19
20
30
11
30
42
44
48
60
65
72
80
87
94
98
28
97
92
92
90
90
90
91
94
100
104
109
100
124
127
135
140
140
149
153
152
159
162
159
119
165
157
167
170
165
169
169
165
169
168
162
164
164
160
161
164
160
165
165
159
165
165
161
166
166
161
166
166
157
160
156
149
149
145
137
166
132
124
120
110
100
94
89
86
82
75
68
136
57
55
54
53
56
52
50
54
50
46
50
62
43
47
42
39
44
40
38
45
39
38
44
45
38
45
42
42
51
50
52
59
61
66
74
39
83
86
97
102
108
114
117
120
127
132
133
78
145
144
151
155
153
159
160
156
160
157
151
141
153
147
148
147
141
145
145
142
148
147
141
154
138
130
130
126
123
123
121
114
111
107
98
142
87
82
75
68
67
59
53
53
44
38
39
92
26
29
22
20
26
18
16
22
16
14
21
31
13
20
13
12
20
13
12
20
13
13
20
15
12
19
13
12
19
13
12
19
12
12
19
13
12
19
12
11
19
13
11
18
12
12
18
12
11
18
11
11
18
12
12
18
12
12
19
12
12
20
13
12
19
13
11
19
13
12
19
13
12
18
13
12
19
13
12
19
13
13
19
13
12
19
13
11
19
13
12
19
12
12
19
13
12
19
11
11
19
13
12
19
13
12
19
12
12
19
13
12
20
14
14
23
18
17
26
13
19
27
23
22
30
24
23
31
25
24
31
20
23
30
26
24
32
26
25
33
25
25
33
25
26
33
26
26
34
30
30
38
33
34
40
26
37
44
40
37
45
40
38
45
40
39
46
36
39
46
42
41
47
44
44
51
48
48
54
41
54
60
59
60
67
67
69
74
73
77
79
53
80
80
80
81
82
84
85
86
89
90
91
79
97
97
101
101
104
108
110
110
115
118
117
95
126
124
131
133
131
137
139
138
144
145
143
123
150
146
151
152
146
151
151
143
144
143
136
149
130
121
117
114
106
103
98
90
85
79
73
133
58
57
49
45
46
40
36
40
32
30
35
65
26
31
25
19
28
21
19
27
20
17
24
28
16
25
19
17
26
20
19
27
21
20
27
17
20
27
20
18
26
18
17
24
16
15
24
21
15
24
16
15
25
20
20
29
24
25
34
16
30
38
35
34
42
39
41
47
46
47
52
29
51
57
57
58
63
65
66
71
74
77
81
51
90
90
95
100
102
107
112
112
117
120
119
86
128
125
131
133
131
136
138
136
140
142
139
125
144
138
143
146
141
147
148
144
147
149
144
144
150
146
148
150
146
150
151
144
147
146
140
149
139
130
130
128
120
119
117
109
108
104
97
141
92
86
82
78
75
70
65
63
59
55
56
95
50
50
46
44
49
43
41
45
39
37
41
52
33
37
30
28
34
28
26
33
27
26
33
35
26
32
27
26
34
31
31
37
34
34
39
27
38
42
41
41
45
45
46
49
50
50
53
37
53
54
49
52
54
55
55
56
56
57
59
53
61
61
62
60
62
62
64
65
67
69
71
59
75
77
79
80
84
87
89
91
93
96
98
72
103
105
108
108
111
114
117
119
118
126
130
100
138
141
139
146
151
154
157
160
163
165
168
129
173
174
177
178
183
186
186
190
191
192
194
170
196
196
197
194
195
194
192
190
189
187
185
195
177
173
163
140
121
117
114
109
106
102
96
181
88
84
80
73
72
65
60
60
54
50
49
92
40
43
37
33
37
32
29
35
29
28
33
44
25
32
25
24
32
26
25
32
24
23
31
27
22
30
24
21
31
26
24
33
27
27
36
24
31
38
35
35
42
39
41
48
46
49
56
31
60
67
68
72
76
77
79
81
82
85
86
57
90
90
93
94
93
96
97
96
100
103
103
89
110
110
114
115
114
119
123
120
125
129
125
108
135
130
133
137
132
136
136
129
130
128
118
132
113
102
99
92
86
79
73
69
61
54
53
117
40
40
33
28
33
26
24
30
24
22
29
45
21
29
22
21
29
24
23
32
25
26
33
22
28
35
29
29
37
34
35
42
42
46
57
27
66
75
83
89
96
103
112
112
121
127
126
59
138
132
139
142
136
141
143
136
139
140
131
135
130
120
117
112
101
95
87
78
70
63
59
133
44
44
34
29
33
25
22
27
20
18
24
49
15
22
16
14
21
15
13
21
15
14
22
17
15
23
19
19
29
26
28
39
38
42
51
16
56
65
68
73
80
86
93
96
100
105
106
52
115
113
118
123
122
131
136
132
139
144
138
109
150
145
152
151
146
152
151
143
147
145
136
146
134
126
126
122
113
110
105
97
92
87
81
137
71
66
60
53
52
45
40
42
34
31
35
76
26
32
25
23
31
25
24
31
27
26
35
29
31
39
36
35
44
43
46
55
56
59
65
30
74
77
86
92
96
102
108
109
116
122
121
69
133
130
139
142
138
146
149
143
150
153
145
129
153
146
150
153
145
151
155
147
153
155
147
152
154
145
149
149
141
142
140
131
130
127
119
153
111
102
97
90
84
78
72
67
60
55
54
117
42
45
38
34
39
32
28
34
28
26
32
48
24
30
25
22
30
25
22
30
25
23
31
26
24
32
25
24
32
26
26
33
27
28
34
26
29
35
31
32
39
36
36
44
43
46
53
29
58
64
65
65
69
72
73
76
78
81
81
55
88
90
96
99
102
109
115
113
120
124
121
85
130
126
132
133
130
135
138
133
138
141
135
128
142
136
140
143
138
142
145
137
142
143
137
139
142
136
139
139
134
138
137
131
133
132
125
140
125
117
118
114
105
103
98
90
85
81
75
127
67
65
59
55
57
51
48
50
45
43
46
71
39
43
37
33
39
33
31
35
30
29
34
42
26
33
26
24
32
26
25
33
27
27
34
28
28
34
28
28
37
32
31
38
35
36
43
29
45
53
55
59
66
68
73
78
81
85
89
42
100
100
107
110
111
119
124
121
128
132
129
95
139
135
141
143
138
143
146
140
143
148
142
136
151
144
149
152
147
153
155
149
156
157
150
148
158
151
158
159
152
157
158
151
155
156
148
157
151
142
146
143
135
136
131
121
116
111
100
152
84
75
65
56
52
42
35
37
29
25
30
93
20
26
17
16
23
17
15
22
16
15
21
23
14
21
15
14
21
15
14
21
14
13
20
16
13
20
14
13
20
15
14
20
14
14
20
14
14
21
14
13
20
14
14
20
14
14
20
14
14
20
14
13
20
15
13
20
14
13
20
15
14
20
15
13
21
15
14
20
14
14
20
14
14
20
13
13
20
14
14
20
14
14
20
15
13
21
15
13
21
15
13
21
14
13
21
14
13
20
15
13
20
15
14
21
14
14
21
15
14
20
14
13
21
15
14
21
15
14
21
15
14
20
15
14
21
15
14
21
15
14
21
15
13
21
15
13
21
15
14
21
14
13
20
14
13
20
13
13
21
14
14
20
14
14
21
14
13
21
15
13
21
14
13
20
14
13
20
15
13
20
14
13
19
14
13
20
13
13
18
14
13
19
12
12
20
14
13
20
14
13
19
13
12
19
13
13
20
13
12
19
13
13
20
13
13
20
13
12
20
14
13
20
13
13
19
14
13
19
13
13
20
13
12
19
13
13
19
14
13
20
14
13
20
14
13
20
13
13
19
14
13
19
14
13
20
14
13
20
13
13
20
14
16
25
19
21
31
28
29
36
33
34
41
14
41
51
53
58
67
73
80
87
95
104
105
40
121
118
129
131
130
139
145
141
151
157
147
114
159
147
156
158
150
154
152
138
138
134
120
155
113
102
97
88
79
71
63
57
46
41
41
117
27
29
24
21
31
25
25
35
32
36
48
31
68
82
97
107
115
127
136
132
142
149
142
55
155
149
158
161
154
161
164
156
163
165
155
152
161
149
150
145
131
125
116
103
93
82
71
161
55
50
43
38
44
38
38
48
50
61
77
63
105
114
129
137
136
147
153
148
158
165
155
91
167
157
167
169
160
167
171
161
167
172
160
164
169
158
165
163
150
153
147
134
129
121
107
168
92
83
74
65
62
54
48
47
39
35
36
100
25
28
22
18
25
17
16
23
16
15
21
29
14
21
15
14
21
15
14
21
15
14
21
16
14
21
16
13
22
15
14
22
16
18
28
15
32
45
49
60
74
85
96
102
114
122
120
27
138
134
144
146
142
152
155
148
157
160
150
132
159
148
152
149
139
142
142
134
138
138
129
159
126
116
113
106
98
92
87
82
75
72
69
129
60
61
56
52
55
50
47
49
42
40
42
64
35
39
35
30
35
28
25
30
23
20
25
37
16
22
17
15
22
16
14
22
14
14
21
18
14
21
15
14
21
14
14
21
14
14
21
14
14
20
15
14
21
15
15
21
15
14
21
15
14
21
15
14
21
15
14
21
15
14
22
15
14
21
16
15
24
17
16
23
17
16
22
15
15
22
16
13
22
15
15
22
15
15
22
17
15
21
17
16
24
17
16
24
18
18
25
16
19
27
23
22
32
27
29
39
39
47
59
19
77
87
99
109
113
125
135
133
144
149
144
67
155
146
153
153
141
143
139
124
119
113
98
152
80
72
63
55
51
42
36
37
30
27
31
91
27
36
37
45
61
71
85
98
110
123
125
27
144
141
150
156
149
159
163
153
160
163
154
136
160
149
153
148
135
132
125
111
106
98
86
160
70
65
55
50
49
40
34
37
30
27
32
80
27
38
41
48
66
76
90
102
118
132
133
27
155
150
162
164
158
168
170
160
166
168
154
148
154
135
133
122
107
97
85
76
65
57
53
158
41
40
34
32
39
39
46
60
69
84
95
46
122
124
139
147
144
154
159
152
160
164
156
110
165
154
162
160
148
148
142
126
119
108
92
163
71
63
55
48
46
38
33
35
29
29
36
83
41
53
62
73
86
99
111
116
130
140
138
36
156
149
158
163
154
162
163
153
158
158
146
150
140
125
119
109
94
84
74
66
56
49
47
146
34
37
31
30
37
35
39
54
62
75
88
40
118
122
137
146
145
154
159
153
159
163
149
102
145
129
120
110
97
85
75
67
57
49
48
151
35
39
34
31
38
35
36
46
49
56
67
40
86
94
106
115
119
131
139
136
146
151
145
76
155
145
154
154
144
145
141
128
123
114
100
153
80
72
60
51
51
41
35
37
28
25
30
91
21
27
20
20
28
23
24
33
31
36
47
22
61
73
82
92
102
114
123
123
134
141
137
53
149
141
149
148
141
145
141
129
126
120
108
146
94
82
74
65
60
52
45
44
36
32
37
102
36
49
55
69
85
100
113
117
130
138
132
33
145
136
141
140
130
129
124
111
104
93
83
142
61
55
45
38
41
31
27
33
25
25
33
71
31
41
44
54
71
84
98
109
123
133
133
29
148
141
151
151
146
150
150
138
138
133
119
144
100
86
78
69
62
53
45
44
37
33
35
112
29
37
34
38
52
58
71
88
102
117
123
30
144
141
152
155
148
156
158
148
152
150
138
137
135
122
117
109
97
87
79
71
61
52
50
139
33
35
27
24
29
23
22
32
31
40
57
39
88
101
118
132
134
147
154
148
157
162
153
71
161
152
153
151
139
136
127
114
105
93
83
160
61
57
48
41
42
33
28
33
28
28
41
72
58
76
90
105
114
129
140
138
148
154
148
46
155
146
150
150
138
138
132
119
114
103
90
154
69
61
53
45
47
43
45
58
69
86
99
80
128
131
146
154
149
159
163
153
160
160
149
116
148
133
130
122
107
99
88
76
64
55
50
151
34
35
27
23
29
21
18
25
17
15
23
40
14
23
16
14
23
16
14
22
15
14
22
17
14
21
15
14
21
15
14
21
15
14
21
15
13
21
14
14
21
14
13
21
14
13
20
15
13
20
14
13
20
14
13
20
14
13
20
14
13
21
14
13
21
14
13
20
14
13
21
14
13
20
14
13
20
14
13
20
14
13
20
14
13
21
14
14
21
14
13
20
14
13
20
14
13
20
14
13
20
14
13
20
13
13
20
14
13
21
13
13
21
14
13
21
14
14
20
13
13
20
14
13
21
14
13
20
14
13
20
15
13
20
14
13
20
14
14
20
14
13
20
14
13
20
14
13
20
14
13
20
14
13
20
14
13
20
13
13
21
14
13
20
14
13
20
14
13
19
14
13
20
14
13
20
14
13
20
14
13
20
14
12
20
14
13
20
14
13
20
14
13
19
14
12
20
13
13
20
14
13
20
14
13
20
14
14
20
14
13
20
14
13
20
14
13
20
14
13
20
14
12
20
14
13
20
14
13
20
13
13
20
14
13
20
14
13
20
14
13
19
14
13
20
14
13
20
14
13
20
14
12
20
14
13
20
14
13
20
14
13
20
14
13
20
14
13
20
14
13
20
14
14
20
14
13
21
14
13
20
14
13
20
13
13
20
14
12
19
13
13
20
13
13
20
13
13
20
13
12
20
14
12
20
14
13
20
14
13
19
14
13
19
14
13
20
14
12
20
13
13
20
14
12
20
14
13
20
14
13
20
13
13
20
14
12
20
13
13
21
14
13
20
14
13
20
13
