1393
1460
1455
1496
1511
1518
1543
1383
1509
1515
1468
1460
1433
1431
1459
1507
1464
1453
1418
1433
1410
1425
1421
1449
1446
1440
1444
1465
1440
1476
1471
1418
1496
1461
1455
1431
1409
1432
1423
1484
1464
1437
1441
1435
1579
1804
1897
1461
1702
1575
1471
1390
1375
1334
1314
1864
1298
1325
1328
1331
1360
1349
1376
1323
1385
1414
1379
1416
1407
1424
1429
1389
1422
1445
1430
1464
1452
1471
1504
1418
1525
1527
1508
1511
1471
1472
1443
1500
1420
1397
1409
1412
1386
1431
1407
1416
1426
1402
1439
1424
1410
1434
1410
1426
1428
1419
1443
1422
1440
1435
1411
1432
1422
1434
1438
1423
1452
1435
1434
1443
1431
1457
1437
1435
1453
1431
1445
1453
1433
1462
1451
1468
1466
1445
1459
1448
1441
1450
1424
1446
1424
1399
1423
1438
1647
1860
1870
1779
1617
1510
1432
1452
1335
1305
1296
1306
1285
1326
1322
1344
1358
1358
1385
1387
1382
1424
1379
1336
1409
1401
1443
1416
1426
1440
1421
1419
1455
1483
1504
1493
1526
1511
1507
1462
1452
1459
1430
1417
1421
1398
1435
1501
1393
1439
1410
1415
1417
1407
1452
1412
1425
1442
1419
1443
1428
1435
1449
1429
1447
1446
1434
1453
1431
1451
1448
1431
1456
1435
1435
1454
1437
1461
1449
1430
1458
1432
1452
1441
1430
1458
1427
1445
1449
1441
1461
1432
1417
1416
1386
1447
1392
1418
1415
1393
1410
1374
1457
1433
1862
1927
1789
1662
1560
1424
1374
1662
1310
1326
1302
1321
1319
1312
1341
1347
1349
1378
1366
1404
1394
1402
1425
1337
1426
1410
1400
1431
1409
1429
1438
1390
1476
1483
1509
1539
1498
1526
1500
1440
1477
1437
1442
1420
1401
1436
1394
1482
1413
1397
1437
1405
1434
1428
1410
1429
1419
1429
1438
1423
1445
1434
1431
1435
1427
1452
1441
1435
1454
1438
1451
1452
1436
1462
1438
1469
1462
1448
1462
1444
1446
1464
1437
1463
1452
1446
1460
1450
1452
1448
1435
1462
1448
1464
1464
1440
1466
1441
1446
1455
1427
1448
1415
1454
1408
1377
1525
1743
1911
1934
1750
1406
1492
1390
1358
1298
1282
1276
1278
1628
1295
1315
1329
1316
1356
1352
1356
1328
1351
1391
1384
1389
1411
1381
1414
1380
1402
1458
1430
1459
1478
1489
1527
1408
1540
1524
1491
1504
1466
1451
1452
1533
1436
1431
1423
1449
1420
1436
1441
1427
1440
1425
1427
1443
1420
1449
1433
1425
1451
1431
1449
1442
1429
1454
1430
1436
1442
1436
1459
1432
1442
1450
1426
1452
1434
1443
1452
1437
1457
1442
1436
1458
1433
1453
1440
1433
1456
1429
1450
1455
1439
1469
1448
1469
1477
1463
1483
1450
1453
1463
1440
1457
1433
1432
1434
1457
1411
1463
1654
1902
1926
1808
1645
1392
1447
1358
1325
1308
1275
1319
1292
1518
1320
1313
1347
1348
1355
1393
1375
1298
1405
1419
1427
1403
1431
1428
1402
1413
1407
1450
1450
1435
1475
1485
1505
1448
1508
1526
1500
1481
1475
1437
1444
1533
1418
1440
1411
1433
1428
1422
1444
1434
1436
1444
1421
1450
1428
1431
1448
1430
1441
1437
1428
1452
1421
1441
1437
1425
1452
1439
1442
1450
1426
1455
1437
1428
1460
1438
1455
1450
1436
1455
1433
1443
1445
1442
1459
1434
1445
1452
1431
1454
1432
1448
1455
1442
1459
1445
1444
1458
1429
1455
1439
1444
1451
1403
1419
1457
1584
1852
1981
1932
1755
1592
1467
1434
1306
1277
1253
1277
1264
1276
1306
1358
1303
1318
1322
1354
1341
1370
1376
1282
1409
1379
1403
1426
1391
1442
1414
1381
1446
1443
1480
1495
1509
1553
1505
1425
1494
1485
1499
1464
1458
1451
1423
1537
1420
1431
1438
1423
1442
1423
1422
1450
1410
1440
1425
1428
1442
1420
1435
1440
1422
1447
1430
1446
1443
1427
1445
1434
1432
1444
1422
1447
1431
1435
1442
1430
1443
1436
1426
1451
1428
1446
1443
1428
1454
1441
1441
1451
1425
1456
1439
1435
1471
1454
1469
1456
1437
1463
1435
1454
1440
1417
1411
1379
1486
1703
1874
1451
1764
1627
1509
1408
1353
1305
1291
1905
1269
1326
1313
1314
1341
1339
1359
1302
1380
1414
1375
1414
1405
1416
1424
1374
1416
1438
1424
1456
1453
1472
1497
1408
1533
1545
1510
1543
1490
1498
1476
1500
1450
1422
1422
1430
1403
1451
1418
1450
1427
1412
1433
1425
1415
1445
1421
1418
1432
1428
1450
1431
1443
1439
1422
1444
1421
1440
1442
1424
1447
1437
1436
1451
1425
1446
1431
1445
1465
1445
1472
1452
1456
1474
1435
1452
1447
1436
1457
1469
1423
1417
1393
1530
1717
1866
1838
1436
1566
1466
1391
1385
1329
1331
1324
1681
1340
1339
1357
1384
1369
1412
1383
1316
1412
1393
1429
1423
1416
1439
1413
1412
1434
1432
1463
1452
1474
1491
1486
1443
1501
1508
1499
1463
1471
1443
1424
1530
1401
1444
1412
1411
1425
1405
1448
1431
1412
1434
1412
1428
1429
1418
1434
1427
1427
1441
1419
1441
1428
1431
1444
1414
1451
1445
1433
1456
1426
1447
1449
1430
1463
1447
1454
1467
1449
1483
1462
1438
1475
1445
1463
1451
1440
1461
1430
1471
1433
1394
1465
1594
1845
1982
1888
1449
1568
1452
1368
1305
1287
1253
1271
1752
1259
1318
1304
1308
1333
1329
1357
1299
1371
1405
1391
1417
1396
1399
1429
1372
1422
1425
1400
1455
1448
1465
1494
1399
1531
1529
1509
1524
1482
1478
1460
1503
1455
1436
1434
1439
1421
1447
1427
1445
1444
1424
1440
1435
1428
1454
1432
1430
1436
1430
1453
1429
1444
1443
1427
1450
1440
1449
1452
1433
1456
1438
1441
1461
1436
1476
1461
1464
1474
1447
1459
1458
1433
1449
1425
1442
1430
1391
1433
1449
1735
1901
1846
1730
1565
1457
1395
1502
1326
1309
1290
1313
1301
1338
1344
1341
1383
1378
1402
1413
1382
1429
1398
1347
1426
1401
1443
1431
1423
1449
1428
1423
1463
1477
1511
1502
1520
1513
1479
1460
1459
1451
1438
1414
1431
1412
1414
1498
1408
1432
1415
1426
1438
1421
1441
1437
1423
1455
1433
1446
1446
1433
1452
1437
1448
1458
1433
1454
1445
1448
1454
1436
1457
1450
1439
1463
1442
1456
1449
1441
1459
1441
1444
1461
1449
1479
1467
1440
1478
1453
1465
1445
1437
1453
1425
1471
1411
1375
1455
1613
1863
1963
1851
1438
1546
1437
1354
1285
1283
1252
1269
1724
1266
1319
1308
1318
1343
1337
1352
1299
1364
1396
1382
1412
1394
1394
1426
1358
1421
1428
1410
1440
1437
1455
1495
1400
1526
1523
1504
1507
1461
1465
1445
1504
1436
1412
1413
1422
1399
1446
1417
1432
1422
1404
1441
1428
1409
1433
1403
1416
1434
1424
1441
1422
1435
1440
1421
1450
1428
1436
1444
1431
1459
1447
1450
1456
1438
1476
1465
1470
1487
1469
1484
1463
1447
1471
1442
1461
1453
1433
1433
1468
1463
1643
1821
1872
1744
1625
1525
1395
1379
1348
1313
1329
1306
1330
1327
1434
1366
1362
1379
1401
1386
1429
1394
1333
1428
1411
1431
1431
1431
1461
1430
1422
1456
1460
1493
1486
1510
1523
1501
1456
1471
1474
1459
1428
1439
1420
1417
1516
1406
1459
1430
1429
1442
1432
1444
1432
1429
1462
1437
1453
1444
1432
1450
1435
1436
1448
1424
1451
1431
1438
1452
1435
1449
1440
1430
1464
1448
1470
1473
1433
1469
1445
1440
1445
1426
1450
1422
1454
1399
1419
1572
1795
1914
1889
1718
1414
1465
1373
1349
1292
1286
1280
1256
1598
1292
1316
1325
1327
1367
1365
1374
1316
1383
1421
1390
1414
1411
1392
1430
1401
1409
1439
1426
1459
1468
1483
1519
1419
1520
1522
1488
1499
1470
1462
1470
1517
1458
1442
1428
1444
1424
1440
1434
1446
1438
1430
1433
1441
1421
1456
1430
1424
1446
1433
1449
1438
1433
1452
1425
1437
1437
1436
1455
1434
1445
1445
1428
1448
1430
1447
1459
1443
1471
1461
1462
1459
1437
1458
1435
1438
1450
1429
1436
1474
1396
1482
1641
1877
1932
1805
1676
1406
1435
1357
1297
1297
1265
1284
1292
1522
1330
1322
1319
1358
1348
1378
1378
1278
1409
1380
1406
1428
1391
1442
1407
1382
1438
1423
1450
1454
1471
1516
1508
1438
1508
1509
1521
1483
1488
1481
1455
1536
1451
1450
1442
1418
1437
1415
1415
1484
1406
1452
1422
1421
1434
1414
1430
1429
1421
1443
1416
1431
1429
1418
1429
1431
1424
1435
1418
1441
1428
1434
1445
1420
1451
1442
1432
1455
1438
1463
1467
1431
1474
1450
1449
1452
1429
1457
1433
1454
1436
1392
1417
1447
1628
1856
1856
1436
1634
1515
1454
1362
1338
1321
1282
1772
1291
1313
1332
1325
1362
1363
1377
1317
1379
1421
1396
1420
1424
1403
1440
1397
1422
1451
1430
1459
1463
1467
1497
1425
1515
1523
1500
1508
1476
1462
1452
1494
1432
1412
1403
1444
1411
1424
1418
1427
1451
1424
1426
1433
1411
1441
1419
1407
1443
1424
1440
1432
1422
1445
1419
1431
1437
1433
1449
1417
1442
1450
1443
1446
1454
1467
1455
1442
1456
1440
1437
1477
1424
1438
1401
1424
1517
1708
1852
1451
1668
1566
1452
1410
1351
1326
1337
1805
1320
1333
1325
1363
1357
1372
1391
1310
1415
1401
1409
1418
1394
1437
1427
1391
1440
1419
1431
1452
1436
1476
1472
1414
1506
1498
1506
1481
1457
1463
1427
1488
1422
1414
1432
1405
1438
1430
1409
1441
1413
1430
1434
1413
1436
1418
1422
1437
1417
1436
1424
1421
1438
1425
1439
1443
1429
1455
1429
1449
1439
1437
1460
1439
1458
1472
1449
1465
1440
1439
1445
1447
1445
1431
1414
1406
1400
1511
1713
1430
1877
1746
1609
1501
1399
1380
1315
1867
1299
1281
1319
1321
1317
1352
1331
1304
1369
1379
1411
1372
1403
1418
1390
1370
1402
1436
1428
1407
1459
1436
1443
1441
1467
1513
1503
1507
1515
1491
1491
1475
1448
1458
1429
1443
1428
1421
1437
1473
1426
1431
1413
1437
1423
1429
1438
1424
1435
1432
1419
1439
1423
1445
1432
1418
1440
1417
1427
1439
1421
1445
1430
1424
1447
1429
1449
1436
1436
1465
1440
1440
1453
1444
1456
1429
1442
1437
1421
1467
1413
1405
1405
1446
1634
1850
1937
1451
1684
1554
1416
1341
1322
1272
1288
1847
1280
1298
1280
1311
1323
1326
1359
1268
1373
1397
1387
1419
1382
1407
1430
1361
1428
1414
1406
1458
1431
1455
1477
1395
1521
1515
1521
1522
1486
1505
1466
1489
1467
1442
1449
1434
1428
1446
1416
1463
1426
1422
1439
1423
1433
1428
1416
1440
1412
1433
1431
1418
1441
1425
1426
1441
1423
1451
1431
1437
1447
1431
1446
1444
1431
1452
1426
1444
1439
1433
1445
1443
1436
1444
1424
1444
1433
1448
1453
1436
1448
1442
1426
1437
1419
1432
1424
1433
1418
1375
1459
1652
1854
1922
1775
1402
1540
1399
1368
1307
1275
1306
1260
1655
1291
1290
1321
1320
1342
1360
1354
1305
1379
1403
1412
1383
1426
1399
1424
1393
1403
1454
1437
1442
1470
1467
1501
1420
1512
1527
1500
1495
1481
1453
1459
1515
1425
1430
1409
1428
1409
1417
1428
1433
1421
1418
1410
1434
1407
1450
1436
1412
1441
1422
1433
1439
1418
1441
1423
1423
1447
1433
1445
1440
1430
1454
1431
1437
1445
1448
1472
1453
1463
1464
1437
1456
1429
1442
1437
1423
1435
1394
1407
1462
1698
1884
1864
1736
1605
1473
1411
1522
1304
1309
1283
1296
1300
1297
1330
1340
1339
1361
1353
1386
1379
1393
1411
1329
1409
1397
1402
1433
1400
1429
1413
1376
1442
1438
1469
1496
1484
1519
1496
1410
1488
1459
1467
1450
1430
1453
1428
1489
1426
1419
1439
1419
1430
1435
1405
1445
1421
1434
1431
1417
1434
1421
1422
1459
1417
1438
1424
1425
1437
1420
1437
1439
1421
1445
1416
1434
1433
1425
1444
1435
1434
1448
1424
1444
1428
1435
1453
1431
1462
1459
1436
1447
1424
1441
1434
1446
1436
1410
1387
1407
1474
1710
1901
1419
1822
1634
1523
1410
1316
1300
1241
1950
1269
1273
1306
1280
1302
1319
1314
1267
1342
1367
1380
1372
1395
1393
1397
1351
1376
1417
1387
1413
1424
1410
1444
1416
1481
1521
1512
1532
1523
1501
1508
1468
1469
1474
1439
1457
1429
1428
1441
1477
1431
1428
1414
1435
1407
1448
1430
1417
1426
1411
1420
1432
1406
1460
1421
1412
1437
1417
1436
1427
1419
1442
1409
1427
1426
1413
1436
1419
1433
1437
1422
1430
1422
1438
1442
1416
1440
1430
1448
1452
1444
1464
1440
1435
1443
1418
1429
1463
1412
1420
1368
1423
1558
1785
1949
1426
1739
1593
1442
1378
1315
1279
1292
1870
1289
1276
1288
1308
1290
1321
1331
1255
1363
1354
1372
1395
1380
1418
1381
1329
1413
1393
1434
1424
1422
1467
1452
1410
1513
1523
1550
1505
1514
1505
1471
1499
1444
1449
1443
1423
1443
1424
1417
1485
1413
1445
1434
1436
1447
1421
1437
1427
1422
1450
1402
1412
1367
1365
1375
1436
1363
1399
1397
1438
1409
1411
1434
1358
1433
1424
1399
1447
1416
1438
1429
1420
1445
1432
1437
1455
1442
1473
1449
1416
1457
1434
1461
1453
1447
1447
1393
1449
1650
1849
1906
1805
1672
1541
1421
1480
1330
1316
1311
1289
1312
1305
1315
1388
1329
1365
1366
1377
1403
1389
1415
1344
1388
1430
1401
1436
1420
1410
1425
1408
1435
1465
1461
1516
1519
1536
1524
1424
1519
1513
1480
1486
1452
1460
1448
1510
1448
1424
1427
1440
1411
1440
1419
1429
1433
1414
1438
1434
1421
1441
1416
1424
1424
1420
1441
1422
1435
1440
1415
1435
1423
1441
1442
1424
1444
1433
1432
1450
1429
1451
1434
1432
1446
1433
1441
1451
1430
1456
1439
1461
1463
1450
1462
1438
1439
1452
1427
1447
1432
1409
1399
1448
1537
1746
1871
1839
1693
1577
1466
1412
1360
1305
1285
1293
1275
1329
1300
1381
1341
1331
1365
1374
1377
1410
1366
1316
1393
1403
1434
1401
1429
1424
1405
1408
1431
1454
1474
1470
1516
1518
1524
1460
1478
1501
1478
1458
1462
1437
1443
1538
1420
1439
1420
1427
1428
1416
1431
1437
1427
1440
1412
1442
1426
1426
1440
1423
1441
1439
1430
1457
1432
1445
1448
1422
1449
1439
1439
1459
1431
1464
1437
1434
1471
1459
1474
1457
1435
1455
1429
1449
1437
1429
1436
1387
1421
1521
1715
1449
1793
1678
1564
1452
1412
1352
1329
1861
1302
1334
1327
1335
1363
1352
1376
1337
1386
1420
1385
1419
1413
1399
1435
1387
1412
1419
1399
1445
1412
1417
1437
1404
1476
1495
1500
1524
1495
1506
1490
1439
1474
1448
1448
1460
1436
1463
1446
1465
1460
1437
1457
1446
1438
1466
1434
1449
1445
1436
1454
1434
1443
1448
1420
1447
1426
1438
1444
1427
1447
1440
1436
1451
1430
1458
1441
1440
1462
1456
1470
1448
1452
1473
1436
1443
1446
1436
1453
1475
1427
1414
1392
1552
1749
1904
1876
1438
1601
1486
1393
1368
1302
1307
1296
1730
1323
1307
1324
1348
1330
1375
1368
1276
1403
1393
1418
1399
1413
1423
1390
1378
1426
1412
1440
1427
1452
1478
1481
1442
1516
1529
1527
1505
1506
1482
1467
1524
1442
1455
1444
1434
1440
1426
1437
1469
1427
1448
1423
1438
1442
1427
1444
1443
1432
1447
1427
1451
1436
1432
1448
1428
1444
1444
1425
1454
1430
1447
1450
1428
1460
1447
1451
1463
1442
1466
1447
1438
1466
1451
1474
1466
1458
1481
1446
1453
1450
1437
1460
1437
1434
1411
1374
1455
1662
1896
1936
1800
1664
1514
1427
1484
1298
1294
1272
1281
1294
1287
1312
1365
1315
1359
1355
1371
1389
1386
1412
1317
1404
1437
1397
1436
1413
1410
1431
1389
1445
1467
1466
1513
1509
1540
1518
1421
1523
1490
1482
1481
1444
1470
1446
1508
1453
1425
1438
1436
1420
1441
1414
1444
1432
1422
1448
1428
1441
1448
1429
1440
1442
1453
1462
1445
1458
1451
1443
1462
1437
1463
1454
1448
1463
1444
1455
1465
1446
1471
1451
1458
1459
1444
1463
1461
1455
1474
1440
1460
1444
1453
1471
1455
1474
1469
1449
1469
1443
1449
1448
1460
1446
1416
1388
1442
1536
1784
1926
1426
1764
1596
1492
1399
1340
1323
1268
1875
1283
1274
1327
1309
1329
1348
1338
1296
1360
1379
1402
1394
1423
1396
1410
1376
1388
1436
1421
1417
1440
1436
1464
1417
1497
1543
1508
1534
1535
1511
1516
1491
1466
1475
1440
1461
1445
1438
1453
1483
1441
1442
1421
1453
1429
1445
1448
1431
1446
1440
1436
1453
1432
1459
1439
1424
1457
1435
1452
1448
1447
1471
1441
1441
1445
1439
1466
1443
1450
1461
1440
1457
1443
1451
1453
1438
1463
1453
1448
1465
1437
1460
1448
1442
1459
1447
1469
1467
1457
1476
1452
1453
1454
1440
1452
1474
1431
1432
1377
1447
1596
1809
1904
1444
1689
1554
1430
1388
1325
1311
1302
1819
1325
1304
1311
1342
1325
1359
1359
1278
1401
1388
1415
1403
1406
1443
1403
1375
1426
1416
1441
1424
1441
1470
1470
1439
1515
1533
1544
1497
1514
1494
1479
1516
1446
1455
1447
1438
1451
1430
1438
1482
1425
1448
1430
1442
1447
1435
1449
1439
1433
1456
1430
1455
1448
1441
1457
1436
1453
1456
1430
1465
1442
1453
1460
1439
1464
1448
1446
1469
1446
1474
1457
1441
1462
1443
1463
1460
1448
1482
1458
1449
1476
1458
1467
1442
1447
1455
1435
1482
1432
1411
1406
1487
1697
1850
1840
1462
1597
1511
1438
1365
1357
1321
1318
1744
1307
1339
1330
1352
1369
1368
1396
1325
1409
1416
1387
1431
1419
1406
1451
1399
1435
1442
1423
1460
1448
1470
1498
1422
1528
1513
1508
1516
1474
1485
1455
1495
1454
1426
1431
1432
1418
1449
1424
1447
1438
1431
1450
1428
1431
1442
1417
1444
1418
1429
1443
1426
1449
1442
1443
1438
1443
1465
1456
1444
1463
1447
1456
1468
1441
1466
1442
1448
1455
1440
1454
1455
1438
1461
1443
1462
1457
1446
1469
1452
1454
1465
1437
1471
1452
1469
1484
1448
1484
1462
1455
1473
1432
1458
1440
1466
1440
1388
1426
1510
1734
1930
1874
1436
1640
1500
1431
1343
1313
1299
1263
1780
1293
1303
1323
1319
1350
1354
1356
1317
1374
1408
1390
1396
1431
1401
1424
1394
1390
1447
1426
1431
1455
1458
1494
1419
1521
1552
1502
1529
1511
1493
1495
1515
1460
1459
1431
1459
1427
1433
1440
1465
1441
1429
1431
1453
1422
1452
1434
1419
1452
1432
1446
1448
1433
1460
1433
1426
1447
1437
1460
1437
1447
1462
1440
1451
1445
1449
1458
1439
1460
1457
1441
1460
1440
1458
1456
1439
1466
1449
1452
1465
1435
1465
1446
1455
1463
1444
1463
1458
1444
1467
1434
1463
1461
1462
1485
1458
1463
1467
1437
1465
1439
1451
1445
1460
1428
1441
1616
1871
1947
1880
1716
1406
1457
1352
1323
1289
1253
1298
1261
1570
1306
1299
1333
1328
1342
1374
1361
1303
1392
1402
1419
1387
1423
1410
1395
1391
1407
1449
1444
1444
1481
1482
1519
1441
1520
1552
1503
1514
1508
1478
1486
1554
1441
1459
1435
1450
1440
1427
1447
1472
1440
1445
1423
1456
1431
1442
1444
1432
1454
1444
1441
1460
1429
1459
1444
1427
1462
1447
1457
1452
1435
1463
1441
1443
1458
1442
1458
1445
1452
1463
1437
1458
1447
1458
1467
1443
1463
1459
1449
1466
1448
1462
1461
1449
1465
1450
1447
1473
1438
1467
1447
1461
1479
1465
1475
1461
1450
1463
1429
1455
1457
1437
1440
1463
1410
1493
1702
1921
1908
1821
1662
1387
1444
1342
1304
1290
1251
1297
1273
1521
1315
1302
1336
1350
1349
1388
1369
1296
1406
1407
1434
1399
1423
1427
1390
1397
1414
1424
1445
1444
1483
1501
1514
1444
1512
1531
1523
1496
1499
1470
1453
1554
1434
1454
1430
1432
1439
1426
1439
1463
1425
1450
1418
1435
1435
1432
1450
1438
1436
1446
1434
1472
1438
1446
1459
1430
1462
1451
1445
1469
1440
1459
1447
1439
1464
1436
1453
1454
1445
1469
1441
1449
1459
1446
1468
1450
1451
1462
1438
1459
1453
1464
1477
1463
1481
1475
1455
1465
1446
1460
1453
1440
1444
1407
1438
1470
1723
1885
1820
1696
1576
1458
1410
1552
1317
1330
1298
1319
1323
1322
1352
1342
1372
1396
1381
1416
1380
1413
1417
1348
1447
1427
1420
1442
1414
1455
1452
1397
1484
1477
1510
1531
1519
1547
1487
1451
1487
1459
1464
1432
1425
1429
1401
1501
1422
1426
1434
1416
1430
1429
1425
1450
1426
1450
1446
1432
1453
1439
1445
1447
1429
1457
1437
1440
1451
1436
1453
1451
1431
1466
1438
1453
1453
1446
1469
1449
1452
1466
1438
1468
1446
1459
1463
1448
1477
1469
1471
1494
1458
1477
1469
1447
1468
1442
1453
1451
1413
1417
1415
1451
1810
1887
1840
1682
1545
1460
1370
1591
1315
1298
1305
1289
1313
1326
1320
1360
1348
1375
1397
1386
1415
1394
1410
1355
1389
1435
1411
1413
1425
1414
1436
1417
1452
1494
1483
1517
1522
1507
1519
1447
1486
1482
1443
1459
1431
1439
1443
1494
1442
1441
1430
1455
1429
1458
1448
1421
1468
1452
1461
1463
1441
1461
1436
1443
1451
1430
1451
1436
1443
1457
1427
1447
1438
1437
1456
1432
1449
1449
1441
1452
1437
1454
1461
1447
1470
1453
1453
1461
1436
1464
1445
1449
1462
1442
1453
1466
1433
1466
1440
1468
1471
1460
1478
1453
1455
1458
1435
1459
1435
1423
1412
1454
1556
1769
1943
1928
1752
1633
1494
1390
1352
1286
1276
1287
1262
1315
1284
1397
1321
1319
1356
1356
1365
1394
1377
1308
1391
1410
1409
1392
1422
1421
1407
1413
1431
1459
1469
1483
1524
1530
1539
1461
1522
1532
1501
1485
1487
1455
1465
1534
1432
1453
1426
1443
1440
1427
1449
1449
1436
1445
1425
1452
1432
1437
1447
1423
1459
1449
1439
1467
1434
1460
1450
1430
1468
1443
1456
1459
1448
1471
1445
1445
1460
1444
1464
1447
1449
1465
1437
1458
1446
1446
1457
1439
1458
1455
1436
1460
1441
1446
1457
1439
1464
1446
1454
1461
1458
1484
1467
1461
1476
1448
1458
1480
1437
1467
1420
1405
1429
1533
1801
1450
1909
1802
1604
1511
1405
1355
1325
1933
1306
1282
1271
1323
1291
1323
1324
1277
1367
1362
1377
1391
1387
1426
1380
1332
1401
1401
1427
1405
1426
1437
1422
1413
1476
1498
1534
1534
1557
1534
1522
1461
1499
1497
1485
1459
1465
1443
1442
1535
1427
1448
1428
1427
1441
1420
1443
1457
1430
1459
1432
1446
1444
1430
1460
1446
1444
1460
1433
1461
1440
1444
1459
1441
1462
1458
1448
1464
1438
1456
1449
1433
1459
1434
1442
1451
1432
1457
1435
1437
1458
1440
1461
1449
1443
1461
1431
1450
1445
1449
1475
1455
1469
1469
1445
1458
1439
1451
1452
1428
1441
1399
1399
1467
1662
1904
1934
1814
1678
1515
1443
1498
1306
1306
1256
1298
1291
1275
1331
1358
1329
1357
1344
1386
1378
1389
1415
1312
1430
1414
1410
1431
1402
1448
1433
1383
1465
1458
1488
1516
1516
1556
1514
1430
1518
1490
1494
1469
1454
1467
1431
1523
1437
1434
1449
1427
1443
1446
1427
1447
1432
1444
1440
1427
1456
1441
1440
1453
1427
1452
1447
1446
1466
1447
1465
1459
1447
1474
1446
1462
1466
1447
1476
1462
1461
1473
1444
1471
1458
1466
1487
1455
1483
1465
1453
1478
1449
1466
1456
1467
1456
1404
1427
1524
1717
1880
1833
1439
1603
1475
1421
1346
1319
1323
1290
1723
1308
1315
1347
1337
1360
1377
1370
1313
1391
1418
1409
1382
1433
1409
1403
1406
1412
1435
1424
1425
1455
1460
1495
1445
1515
1547
1492
1513
1504
1470
1489
1518
1448
1458
1428
1459
1437
1443
1460
1457
1453
1449
1441
1466
1436
1461
1459
1434
1471
1453
1462
1468
1444
1475
1451
1448
1463
1443
1459
1445
1440
1455
1428
1454
1433
1423
1447
1424
1427
1433
1411
1448
1414
1423
1433
1416
1437
1440
1442
1440
1440
1463
1455
1452
1469
1448
1461
1465
1409
1419
1395
1554
1791
1998
2017
1456
1671
1526
1391
1345
1269
1257
1262
1858
1271
1278
1282
1300
1280
1314
1329
1240
1368
1354
1375
1392
1371
1411
1376
1331
1418
1384
1426
1406
1437
1470
1470
1399
1544
1530
1566
1533
1551
1529
1515
1525
1481
1501
1502
1477
1498
1479
1478
1537
1462
1486
1467
1461
1480
1453
1465
1496
1297
698
567
550
536
516
479
1449
713
1135
1460
1710
1768
1852
1946
531
2036
2043
2039
2053
1987
1993
1949
1974
1903
1859
1834
1810
1766
1798
1751
1905
1753
1702
1701
1665
1631
1664
1603
1762
1601
1558
1523
1488
1574
1790
1989
1624
1915
1768
1603
1449
1378
1328
1297
2036
1278
1322
1291
1282
1299
1296
1338
1308
1362
1402
1372
1377
1363
1344
1383
1362
1391
1410
1373
1429
1406
1435
1456
1385
1511
1538
1507
1529
1483
1495
1479
1455
1486
1455
1449
1436
1401
1442
1410
1467
1439
1432
1445
1429
1418
1432
1401
1419
1430
1426
1449
1432
1439
1449
1427
1441
1427
1438
1449
1427
1434
1413
1404
1449
1389
1435
1412
1407
1450
1417
1419
1436
1408
1447
1425
1431
1436
1412
1428
1424
1421
1432
1397
1435
1380
1369
1401
1398
1769
1884
1814
1713
1544
1445
1366
1525
1302
1268
1293
1293
1261
1318
1291
1313
1316
1305
1344
1346
1351
1390
1369
1295
1398
1392
1414
1376
1409
1416
1403
1394
1457
1482
1510
1519
1556
1525
1534
1468
1486
1511
1494
1477
1481
1446
1452
1550
1420
1440
1415
1433
1435
1418
1441
1443
1426
1436
1413
1440
1420
1417
1433
1422
1431
1431
1425
1447
1423
1449
1448
1410
1465
1450
1465
1479
1466
1497
1486
1439
1512
1484
1498
1477
1459
1460
1399
1502
1368
1341
1341
1306
1309
1436
1634
1415
1715
1625
1526
1420
1360
1310
1280
1800
1249
1297
1271
1281
1291
1270
1316
1280
1316
1366
1366
1388
1387
1373
1412
1325
1414
1431
1403
1450
1424
1410
1428
1390
1458
1478
1481
1511
1486
1497
1478
1414
1465
1437
1443
1453
1433
1460
1445
1454
1476
1454
1471
1465
1455
1473
1441
1457
1448
1438
1457
1435
1441
1449
1424
1457
1434
1441
1438
1419
1428
1413
1407
1452
1416
1429
1411
1405
1453
1425
1434
1455
1408
1430
1410
1419
1421
1402
1444
1432
1389
1400
1400
1591
1793
1887
1839
1411
1548
1427
1308
1282
1240
1290
1281
1658
1310
1306
1302
1331
1326
1368
1364
1257
1413
1386
1432
1419
1410
1434
1409
1388
1427
1416
1436
1426
1455
1496
1500
1425
1527
1548
1524
1500
1512
1497
1480
1555
1456
1477
1459
1448
1462
1445
1458
1493
1436
1468
1438
1449
1445
1429
1452
1463
1441
1457
1433
1459
1444
1441
1455
1440
1445
1445
1433
1455
1432
1445
1446
1435
1449
1434
1437
1462
1444
1474
1446
1431
1455
1434
1445
1439
1423
1445
1406
1445
1402
1517
1772
1925
1887
1777
1603
1418
1388
1338
1308
1258
1289
1271
1289
1499
1290
1321
1329
1335
1379
1366
1388
1309
1389
1430
1392
1422
1414
1394
1442
1404
1422
1453
1436
1479
1490
1511
1545
1417
1522
1506
1477
1493
1452
1450
1445
1502
1444
1421
1428
1444
1420
1445
1426
1428
1438
1419
1432
1422
1419
1440
1413
1426
1435
1425
1446
1425
1434
1445
1426
1431
1432
1437
1452
1425
1446
1445
1436
1449
1431
1455
1450
1440
1465
1444
1465
1463
1425
1441
1411
1407
1438
1409
1427
1466
1394
1421
1468
1718
1891
1903
1798
1400
1494
1407
1340
1312
1260
1291
1286
1608
1328
1312
1320
1347
1338
1374
1375
1277
1415
1386
1420
1408
1387
1433
1399
1390
1439
1431
1461
1453
1473
1503
1507
1447
1515
1529
1533
1492
1483
1462
1440
1552
